=== summary: median/max transient & period per (k,N) ===
  k    N   med_T   max_T   med_P   max_P  frac_period<=2  #capped
  2   16     2.0       2    17.0      17           0.000        0
  2   20     2.0       3     3.0      21           0.000        0
  2   24     2.0       3    25.0      25           0.000        0
  2   28     2.0       3    29.0      29           0.000        0
  2   32     2.0       3    33.0      33           0.000        0
  2   36     2.0       3    37.0      37           0.000        0
  2   40     2.0       3    41.0      41           0.000        0
  2   44     2.0       3    45.0      45           0.000        0
  2   48     2.0       3    49.0      49           0.000        0
  2   52     2.0       3    53.0      53           0.000        0
  2   56     2.0       3    57.0      57           0.000        0
  2   60     2.0       3    61.0      61           0.000        0
  2   64     2.0       3    65.0      65           0.000        0
  3   16     2.0       3    19.0      19           0.000        0
  3   20     2.0       4    11.0      23           0.000        0
  3   24     2.0       4    13.0      13           0.000        0
  3   28     3.0       5     5.0      31           0.000        0
  3   32     3.0       6     5.0      35           0.000        0
  3   36     2.0       6    13.0      19           0.000        0
  3   40     2.0       5    21.0      43           0.000        0
  3   44     2.0       5    23.0      47           0.000        0
  3   48     3.0       6     5.0      25           0.000        0
  3   52     3.0       7     5.0      55           0.000        0
  3   56     3.0       7    59.0      59           0.000        0
  3   60     3.0       5    31.0      31           0.000        0
  3   64     3.0       7    33.0      67           0.000        0
  4   16     2.0       4     5.0      19           0.000        0
  4   20     2.0       4    23.0      23           0.000        0
  4   24     2.5       5     7.0       9           0.000        0
  4   28     2.0       4    31.0      31           0.000        0
  4   32     3.0       6     7.0      35           0.000        0
  4   36     2.0       5    10.0      13           0.000        0
  4   40     3.0       5    43.0      43           0.000        0
  4   44     3.0       5    12.0      47           0.000        0
  4   48     3.0       5    17.0      17           0.000        0
  4   52     3.0       7     7.0      55           0.000        0
  4   56     3.0       6    59.0      59           0.000        0
  4   60     4.0       7     7.0      21           0.000        0
  4   64     3.0       7    17.0      67           0.000        0
  5   16     2.0       4     5.0       7           0.000        0
  5   20     2.0       5     5.0       6           0.000        0
  5   24     2.0       5     7.0       7           0.000        0
  5   28     2.5       5    33.0      33           0.000        0
  5   32     3.0       7     9.0      37           0.000        0
  5   36     3.0       5    10.0     115           0.000        0
  5   40     3.0       6     9.0      11           0.000        0
  5   44     3.0       5    12.0      49           0.000        0
  5   48     3.0       6    53.0      53           0.000        0
  5   52     3.0       6    14.0      57           0.000        0
  5   56     3.0       6    61.0      61           0.000        0
  5   60     3.0       7    16.0      16           0.000        0
  5   64     3.0       6    69.0      69           0.000        0

=== does period/transient grow with N? (max over seeds, per k) ===
 k=2: N=[16, 20, 24, 28, 32, 36, 40, 44, 48, 52, 56, 60, 64]
       max_period=[17, 21, 25, 29, 33, 37, 41, 45, 49, 53, 57, 61, 65]
       max_transient=[2, 3, 3, 3, 3, 3, 3, 3, 3, 3, 3, 3, 3]
 k=3: N=[16, 20, 24, 28, 32, 36, 40, 44, 48, 52, 56, 60, 64]
       max_period=[19, 23, 13, 31, 35, 19, 43, 47, 25, 55, 59, 31, 67]
       max_transient=[3, 4, 4, 5, 6, 6, 5, 5, 6, 7, 7, 5, 7]
 k=4: N=[16, 20, 24, 28, 32, 36, 40, 44, 48, 52, 56, 60, 64]
       max_period=[19, 23, 9, 31, 35, 13, 43, 47, 17, 55, 59, 21, 67]
       max_transient=[4, 4, 5, 4, 6, 5, 5, 5, 5, 7, 6, 7, 7]
 k=5: N=[16, 20, 24, 28, 32, 36, 40, 44, 48, 52, 56, 60, 64]
       max_period=[7, 6, 7, 33, 37, 115, 11, 49, 53, 57, 61, 16, 69]
       max_transient=[4, 5, 5, 5, 7, 5, 6, 5, 6, 6, 6, 7, 6]
